0.000000000000000000e+00
0.000000000000000000e+00
0.000000000000000000e+00
0.000000000000000000e+00
0.000000000000000000e+00
0.000000000000000000e+00
0.000000000000000000e+00
0.000000000000000000e+00
0.000000000000000000e+00
0.000000000000000000e+00
0.000000000000000000e+00
0.000000000000000000e+00
0.000000000000000000e+00
0.000000000000000000e+00
0.000000000000000000e+00
0.000000000000000000e+00
0.000000000000000000e+00
0.000000000000000000e+00
0.000000000000000000e+00
0.000000000000000000e+00
0.000000000000000000e+00
0.000000000000000000e+00
0.000000000000000000e+00
0.000000000000000000e+00
0.000000000000000000e+00
0.000000000000000000e+00
0.000000000000000000e+00
0.000000000000000000e+00
0.000000000000000000e+00
0.000000000000000000e+00
0.000000000000000000e+00
0.000000000000000000e+00
0.000000000000000000e+00
0.000000000000000000e+00
0.000000000000000000e+00
1.000000000000000000e+00
1.000000000000000000e+00
1.000000000000000000e+00
2.000000000000000000e+00
2.000000000000000000e+00
2.000000000000000000e+00
2.000000000000000000e+00
4.000000000000000000e+00
4.000000000000000000e+00
1.300000000000000000e+01
1.300000000000000000e+01
2.000000000000000000e+01
2.500000000000000000e+01
3.100000000000000000e+01
3.800000000000000000e+01
5.200000000000000000e+01
1.510000000000000000e+02
1.510000000000000000e+02
1.620000000000000000e+02
1.990000000000000000e+02
3.180000000000000000e+02
3.670000000000000000e+02
6.130000000000000000e+02
7.800000000000000000e+02
1.004000000000000000e+03
1.519000000000000000e+03
1.888000000000000000e+03
2.199000000000000000e+03
2.493000000000000000e+03
2.902000000000000000e+03
3.319000000000000000e+03
3.787000000000000000e+03
4.114000000000000000e+03
4.300000000000000000e+03
5.389000000000000000e+03
6.469000000000000000e+03
7.593000000000000000e+03
8.570000000000000000e+03
9.788000000000000000e+03
1.051700000000000000e+04
1.147000000000000000e+04
