0.000000000000000000e+00
0.000000000000000000e+00
0.000000000000000000e+00
0.000000000000000000e+00
0.000000000000000000e+00
0.000000000000000000e+00
0.000000000000000000e+00
0.000000000000000000e+00
0.000000000000000000e+00
2.000000000000000000e+00
2.000000000000000000e+00
2.000000000000000000e+00
2.000000000000000000e+00
2.000000000000000000e+00
2.000000000000000000e+00
2.000000000000000000e+00
3.000000000000000000e+00
3.000000000000000000e+00
3.000000000000000000e+00
3.000000000000000000e+00
3.000000000000000000e+00
3.000000000000000000e+00
3.000000000000000000e+00
3.000000000000000000e+00
3.000000000000000000e+00
3.000000000000000000e+00
3.000000000000000000e+00
3.000000000000000000e+00
3.000000000000000000e+00
3.000000000000000000e+00
1.900000000000000000e+01
5.900000000000000000e+01
1.500000000000000000e+02
2.210000000000000000e+02
3.110000000000000000e+02
4.380000000000000000e+02
5.930000000000000000e+02
8.210000000000000000e+02
1.053000000000000000e+03
1.577000000000000000e+03
1.835000000000000000e+03
2.263000000000000000e+03
2.706000000000000000e+03
3.296000000000000000e+03
3.916000000000000000e+03
5.061000000000000000e+03
6.387000000000000000e+03
7.985000000000000000e+03
8.794000000000000000e+03
1.059000000000000000e+04
1.059000000000000000e+04
1.495500000000000000e+04
1.775000000000000000e+04
2.060300000000000000e+04
2.307300000000000000e+04
2.606200000000000000e+04
2.871000000000000000e+04
3.319000000000000000e+04
3.854900000000000000e+04
4.268100000000000000e+04
4.663800000000000000e+04
5.082600000000000000e+04
5.403000000000000000e+04
5.752100000000000000e+04
6.201300000000000000e+04
6.641400000000000000e+04
7.006500000000000000e+04
7.388000000000000000e+04
7.552800000000000000e+04
7.763500000000000000e+04
8.057200000000000000e+04
8.304900000000000000e+04
8.538800000000000000e+04
8.827400000000000000e+04
9.124600000000000000e+04
9.318700000000000000e+04
