1.000000000000000000e+00
1.000000000000000000e+00
2.000000000000000000e+00
2.000000000000000000e+00
3.000000000000000000e+00
4.000000000000000000e+00
4.000000000000000000e+00
4.000000000000000000e+00
4.000000000000000000e+00
1.100000000000000000e+01
1.200000000000000000e+01
1.500000000000000000e+01
1.500000000000000000e+01
1.600000000000000000e+01
1.900000000000000000e+01
2.300000000000000000e+01
2.300000000000000000e+01
2.300000000000000000e+01
2.200000000000000000e+01
2.400000000000000000e+01
2.500000000000000000e+01
2.100000000000000000e+01
2.100000000000000000e+01
2.100000000000000000e+01
1.900000000000000000e+01
2.000000000000000000e+01
2.000000000000000000e+01
1.900000000000000000e+01
1.900000000000000000e+01
8.700000000000000000e+01
1.860000000000000000e+02
4.150000000000000000e+02
5.780000000000000000e+02
8.070000000000000000e+02
9.450000000000000000e+02
1.227000000000000000e+03
1.731000000000000000e+03
2.302000000000000000e+03
3.107000000000000000e+03
3.689000000000000000e+03
4.277000000000000000e+03
5.128000000000000000e+03
5.545000000000000000e+03
6.012000000000000000e+03
6.416000000000000000e+03
6.862000000000000000e+03
7.146000000000000000e+03
7.307000000000000000e+03
7.212000000000000000e+03
7.407000000000000000e+03
7.470000000000000000e+03
7.403000000000000000e+03
7.504000000000000000e+03
7.577000000000000000e+03
7.024000000000000000e+03
6.832000000000000000e+03
6.789000000000000000e+03
6.934000000000000000e+03
7.018000000000000000e+03
7.157000000000000000e+03
5.941000000000000000e+03
5.941000000000000000e+03
5.410000000000000000e+03
5.281000000000000000e+03
4.966000000000000000e+03
4.665000000000000000e+03
4.523000000000000000e+03
4.398000000000000000e+03
4.275000000000000000e+03
4.216000000000000000e+03
4.155000000000000000e+03
3.979000000000000000e+03
3.867000000000000000e+03
3.654000000000000000e+03
3.591000000000000000e+03
3.500000000000000000e+03
