1.316635901078460351e-09 2.110545793378707594e-10
6.216072853373697527e-01 7.653783624530607899e-02
2.888975315563663493e+00 2.204628810059838795e+00
5.908933390729200319e+00 3.442216283025533841e+00
2.701090853417735635e-04 6.333450474196739293e-05
2.074658444613300956e-01 3.983454182404870536e-02
6.173877714332823174e+00 2.309488413373849802e+00
1.458960231040577682e+01 3.254263699489777117e+00
1.180422752265937447e+01 2.032496837935092948e+00
1.345094476733696767e-02 1.862285563430356172e-03
