0.000000000000000000e+00
0.000000000000000000e+00
0.000000000000000000e+00
0.000000000000000000e+00
0.000000000000000000e+00
0.000000000000000000e+00
0.000000000000000000e+00
0.000000000000000000e+00
0.000000000000000000e+00
0.000000000000000000e+00
0.000000000000000000e+00
0.000000000000000000e+00
0.000000000000000000e+00
0.000000000000000000e+00
0.000000000000000000e+00
0.000000000000000000e+00
0.000000000000000000e+00
0.000000000000000000e+00
0.000000000000000000e+00
0.000000000000000000e+00
0.000000000000000000e+00
0.000000000000000000e+00
0.000000000000000000e+00
0.000000000000000000e+00
0.000000000000000000e+00
0.000000000000000000e+00
0.000000000000000000e+00
0.000000000000000000e+00
0.000000000000000000e+00
0.000000000000000000e+00
1.000000000000000000e+00
2.000000000000000000e+00
3.000000000000000000e+00
7.000000000000000000e+00
1.000000000000000000e+01
1.200000000000000000e+01
1.700000000000000000e+01
2.100000000000000000e+01
2.900000000000000000e+01
3.400000000000000000e+01
5.200000000000000000e+01
7.900000000000000000e+01
1.070000000000000000e+02
1.480000000000000000e+02
1.970000000000000000e+02
2.330000000000000000e+02
3.660000000000000000e+02
4.630000000000000000e+02
6.310000000000000000e+02
8.270000000000000000e+02
8.270000000000000000e+02
1.266000000000000000e+03
1.441000000000000000e+03
1.809000000000000000e+03
2.158000000000000000e+03
2.503000000000000000e+03
2.978000000000000000e+03
3.405000000000000000e+03
4.032000000000000000e+03
4.825000000000000000e+03
5.476000000000000000e+03
6.077000000000000000e+03
6.820000000000000000e+03
7.503000000000000000e+03
8.215000000000000000e+03
9.134000000000000000e+03
1.002300000000000000e+04
1.077900000000000000e+04
1.159100000000000000e+04
1.242800000000000000e+04
1.315500000000000000e+04
1.391500000000000000e+04
1.468100000000000000e+04
1.536200000000000000e+04
1.588700000000000000e+04
1.652300000000000000e+04
