0.000000000000000000e+00
0.000000000000000000e+00
0.000000000000000000e+00
0.000000000000000000e+00
0.000000000000000000e+00
0.000000000000000000e+00
0.000000000000000000e+00
0.000000000000000000e+00
0.000000000000000000e+00
0.000000000000000000e+00
0.000000000000000000e+00
0.000000000000000000e+00
0.000000000000000000e+00
0.000000000000000000e+00
0.000000000000000000e+00
0.000000000000000000e+00
0.000000000000000000e+00
0.000000000000000000e+00
0.000000000000000000e+00
0.000000000000000000e+00
0.000000000000000000e+00
0.000000000000000000e+00
0.000000000000000000e+00
0.000000000000000000e+00
0.000000000000000000e+00
0.000000000000000000e+00
0.000000000000000000e+00
0.000000000000000000e+00
0.000000000000000000e+00
1.000000000000000000e+00
2.000000000000000000e+00
2.000000000000000000e+00
6.000000000000000000e+00
8.000000000000000000e+00
1.000000000000000000e+01
1.200000000000000000e+01
1.300000000000000000e+01
1.300000000000000000e+01
1.600000000000000000e+01
1.700000000000000000e+01
2.800000000000000000e+01
2.800000000000000000e+01
3.500000000000000000e+01
3.500000000000000000e+01
4.200000000000000000e+01
4.400000000000000000e+01
5.000000000000000000e+01
5.300000000000000000e+01
5.400000000000000000e+01
6.000000000000000000e+01
6.600000000000000000e+01
6.600000000000000000e+01
7.200000000000000000e+01
7.500000000000000000e+01
7.500000000000000000e+01
8.100000000000000000e+01
8.400000000000000000e+01
9.100000000000000000e+01
9.400000000000000000e+01
1.020000000000000000e+02
1.110000000000000000e+02
1.110000000000000000e+02
1.200000000000000000e+02
1.260000000000000000e+02
1.310000000000000000e+02
1.390000000000000000e+02
1.440000000000000000e+02
1.520000000000000000e+02
1.580000000000000000e+02
1.620000000000000000e+02
1.650000000000000000e+02
1.690000000000000000e+02
1.740000000000000000e+02
1.770000000000000000e+02
1.830000000000000000e+02
1.860000000000000000e+02
