6.441888158737920542e-09 3.186059657131624143e-10 -1.984502136521220805e+01 2.076265906467489764e+00
1.980527689833012361e-01 2.339409543664664262e-02 -2.423621602519848484e+00 2.225386001694229787e-01
2.346563193679901627e+00 2.882287133368659049e+00 6.431543111846310667e-01 7.332266828177131934e-01
2.853040201634605921e+01 2.098460503028838797e+00 8.330333902725445938e+00 5.046740234707983164e-04
8.303586155338098023e-04 1.300307561446470048e-04 -6.920392903571060295e+00 1.510061767749465433e-01
1.874600997306246075e-01 1.647115555985473323e-02 1.415889377026594786e+00 3.979870232527691482e-03
6.078897304082272690e+00 6.988227955575548878e-01 4.080405740985550977e+00 1.178046519795135708e-02
1.286736815710372639e+01 1.717437463137175824e+00 4.568055736134885692e+00 1.779445727207837336e-02
1.330042473756098431e+01 1.916944313147344259e+00 5.991834392088975392e+00 4.774268069089010469e-03
3.189776815364787216e-02 1.794111291817892693e-03 -1.239690338842337036e+00 6.150190932007613270e-03
