4.968738531639645904e-09 6.158288770618518348e-11 -2.158164944904823557e+01 1.123494722241243249e+00
1.229513667759418727e-01 1.025823041952678497e-02 -3.674939353442272655e-02 1.062703443130984596e-02
2.929878406096684529e+01 2.518053693446075103e-01 5.248187293390967234e+00 1.323195796818379608e-03
1.573395538052145959e+01 6.317401115623249019e+00 6.044018464222759235e+00 1.494337347987428205e-02
3.273210298771400146e-07 3.558385826756074879e-07 -1.380603622172949763e+01 2.678590154028422932e-01
7.598117156694508267e-01 6.946634618735643418e-02 -1.217486661264138403e+00 2.273358462726239870e-01
5.446860396937164062e+00 1.668636368073942000e+00 1.453351190515632441e+00 3.498414183537359445e-01
2.008276687587542142e+01 1.492694400330704774e+00 5.930259813359402443e+00 3.960744931098434882e-03
1.441189673388496040e+01 1.661736030148792898e+00 6.228106051381865349e+00 3.300542443829466294e-03
1.480124160057154706e-02 2.028042863830505256e-03 -5.430260242310121832e+00 2.008893495578955246e+00
