0.000000000000000000e+00
0.000000000000000000e+00
0.000000000000000000e+00
0.000000000000000000e+00
0.000000000000000000e+00
0.000000000000000000e+00
0.000000000000000000e+00
0.000000000000000000e+00
0.000000000000000000e+00
0.000000000000000000e+00
0.000000000000000000e+00
0.000000000000000000e+00
0.000000000000000000e+00
0.000000000000000000e+00
0.000000000000000000e+00
0.000000000000000000e+00
0.000000000000000000e+00
0.000000000000000000e+00
0.000000000000000000e+00
0.000000000000000000e+00
0.000000000000000000e+00
0.000000000000000000e+00
0.000000000000000000e+00
0.000000000000000000e+00
0.000000000000000000e+00
0.000000000000000000e+00
0.000000000000000000e+00
0.000000000000000000e+00
0.000000000000000000e+00
0.000000000000000000e+00
0.000000000000000000e+00
1.000000000000000000e+00
2.000000000000000000e+00
1.000000000000000000e+00
1.000000000000000000e+00
3.000000000000000000e+00
4.500000000000000000e+01
4.600000000000000000e+01
4.600000000000000000e+01
8.300000000000000000e+01
1.490000000000000000e+02
1.600000000000000000e+02
2.760000000000000000e+02
4.140000000000000000e+02
5.230000000000000000e+02
5.890000000000000000e+02
6.220000000000000000e+02
7.240000000000000000e+02
7.240000000000000000e+02
1.045000000000000000e+03
1.045000000000000000e+03
1.439000000000000000e+03
1.966000000000000000e+03
2.335000000000000000e+03
2.749000000000000000e+03
2.941000000000000000e+03
4.025000000000000000e+03
4.440000000000000000e+03
4.440000000000000000e+03
6.072000000000000000e+03
7.024000000000000000e+03
7.024000000000000000e+03
8.326000000000000000e+03
9.362000000000000000e+03
1.036100000000000000e+04
1.095000000000000000e+04
1.238400000000000000e+04
1.303000000000000000e+04
1.462000000000000000e+04
1.572900000000000000e+04
1.684700000000000000e+04
1.827800000000000000e+04
1.975800000000000000e+04
2.099600000000000000e+04
2.181500000000000000e+04
2.283700000000000000e+04
