0.000000000000000000e+00
0.000000000000000000e+00
0.000000000000000000e+00
0.000000000000000000e+00
0.000000000000000000e+00
0.000000000000000000e+00
0.000000000000000000e+00
0.000000000000000000e+00
0.000000000000000000e+00
0.000000000000000000e+00
0.000000000000000000e+00
0.000000000000000000e+00
0.000000000000000000e+00
0.000000000000000000e+00
0.000000000000000000e+00
0.000000000000000000e+00
1.000000000000000000e+00
1.000000000000000000e+00
3.000000000000000000e+00
3.000000000000000000e+00
3.000000000000000000e+00
7.000000000000000000e+00
7.000000000000000000e+00
7.000000000000000000e+00
9.000000000000000000e+00
9.000000000000000000e+00
1.000000000000000000e+01
1.200000000000000000e+01
1.200000000000000000e+01
1.600000000000000000e+01
1.600000000000000000e+01
1.600000000000000000e+01
1.800000000000000000e+01
1.800000000000000000e+01
2.200000000000000000e+01
2.200000000000000000e+01
2.200000000000000000e+01
2.200000000000000000e+01
2.700000000000000000e+01
3.000000000000000000e+01
3.000000000000000000e+01
3.000000000000000000e+01
4.100000000000000000e+01
4.100000000000000000e+01
1.350000000000000000e+02
1.350000000000000000e+02
1.180000000000000000e+02
1.180000000000000000e+02
2.470000000000000000e+02
2.880000000000000000e+02
3.330000000000000000e+02
5.100000000000000000e+02
5.100000000000000000e+02
5.100000000000000000e+02
1.137000000000000000e+03
1.407000000000000000e+03
1.540000000000000000e+03
1.540000000000000000e+03
1.540000000000000000e+03
1.540000000000000000e+03
2.909000000000000000e+03
2.909000000000000000e+03
3.507000000000000000e+03
3.730000000000000000e+03
4.144000000000000000e+03
4.528000000000000000e+03
4.811000000000000000e+03
5.033000000000000000e+03
5.228000000000000000e+03
5.408000000000000000e+03
5.567000000000000000e+03
5.828000000000000000e+03
6.021000000000000000e+03
6.325000000000000000e+03
6.463000000000000000e+03
6.598000000000000000e+03
